0	-39.080791	0.011650	1660.377319
1	-62.279312	0.000664	1911.949707
2	-60.709862	0.000673	2062.893066
3	-60.761116	0.000723	1660.377319
4	-61.223015	0.000562	1811.320801
5	-63.022259	0.000498	2062.893066
6	-61.711304	0.000892	1358.490601
7	-64.471214	0.000534	1559.748413
8	-62.891117	0.000559	1408.805054
9	-62.279720	0.000623	2716.981201
10	-50.559818	0.001494	2314.465332
11	-50.652859	0.001759	2113.207520
12	-56.283756	0.001189	1962.264160
13	-58.588978	0.001056	2163.521973
14	-60.903652	0.000714	1962.264160
15	-60.674770	0.000854	1459.119507
16	-60.798935	0.000783	1811.320801
17	-56.175121	0.001109	704.402527
18	-61.527580	0.000726	805.031433
19	-64.049362	0.000629	1911.949707
20	-60.959114	0.000743	1911.949707
21	-60.087631	0.000829	1761.006348
22	-62.302429	0.000753	1911.949707
23	-56.939457	0.001062	1207.547119
24	-60.792671	0.000713	1660.377319
25	-61.204296	0.000738	1710.691772
26	-61.783245	0.000648	2465.408691
27	-62.757027	0.000601	2012.578613
28	-62.030262	0.000726	1257.861694
29	-61.269455	0.000748	1106.918213
30	-62.535500	0.000679	1861.635254
31	-60.503468	0.000688	2515.723389
32	-62.787830	0.000489	1811.320801
33	-60.593967	0.000764	1308.176147
34	-63.549202	0.000593	2264.150879
35	-64.580223	0.000450	2415.094238
36	-63.439819	0.000545	1509.433960
37	-62.022896	0.000584	1911.949707
38	-62.405289	0.000605	1257.861694
39	-64.723763	0.000443	1459.119507
40	-65.700470	0.000473	2566.037842
41	-58.906975	0.000784	855.345886
42	-61.946423	0.000505	1559.748413
43	-66.331253	0.000421	2415.094238
44	-63.304985	0.000717	1408.805054
45	-57.109894	0.000936	754.716980
46	-57.141201	0.000924	754.716980
47	-57.408707	0.000991	2163.521973
48	-44.770775	0.005697	3622.641602
49	-38.510326	0.010218	4578.616211
50	-36.822689	0.013001	4427.672852
51	-41.012066	0.005493	4125.786133
52	-41.237652	0.007691	4628.930664
53	-40.591560	0.008750	4327.043945
54	-37.407745	0.010978	4729.559570
55	-36.877403	0.011413	4679.245117
56	-34.597404	0.012988	4377.358398
57	-39.548256	0.008134	3723.270508
58	-36.136951	0.013954	2213.836426
59	-20.816605	0.111091	352.201263
60	-13.926868	0.162836	503.144653
61	-10.362986	0.213937	452.830200
62	-9.197896	0.266489	553.459106
63	-10.099583	0.241172	603.773560
64	-10.982737	0.234279	452.830200
65	-10.099426	0.286604	402.515717
66	-10.475972	0.300286	452.830200
67	-12.453144	0.242741	553.459106
68	-12.382142	0.230060	553.459106
69	-12.329823	0.189002	704.402527
70	-13.408134	0.143110	452.830200
71	-14.378901	0.145235	452.830200
72	-13.053737	0.141946	452.830200
73	-13.957084	0.146479	301.886780
74	-13.310034	0.147229	352.201263
75	-14.009568	0.133061	301.886780
76	-14.028527	0.134052	402.515717
77	-16.099579	0.120442	201.257858
78	-18.989155	0.083988	402.515717
79	-18.132467	0.087500	704.402527
80	-18.957376	0.086694	452.830200
81	-18.549999	0.084808	553.459106
82	-20.044868	0.075194	503.144653
83	-18.962215	0.103032	452.830200
84	-19.267252	0.118656	503.144653
85	-19.985970	0.101442	402.515717
86	-26.160921	0.050507	452.830200
87	-27.543201	0.046396	855.345886
88	-29.081186	0.033345	2415.094238
89	-28.902573	0.030313	2113.207520
90	-27.081945	0.035906	805.031433
91	-30.989437	0.021095	805.031433
92	-30.595957	0.018400	1056.603760
93	-34.276920	0.015009	654.088074
94	-35.781368	0.012623	704.402527
95	-32.871319	0.013235	704.402527
96	-35.831573	0.014638	1408.805054
97	-38.135437	0.015896	754.716980
98	-19.248667	0.088704	553.459106
99	-11.687925	0.185315	553.459106
100	-11.300293	0.213094	754.716980
101	-11.102786	0.217323	855.345886
102	-12.040431	0.202872	452.830200
103	-14.957092	0.175094	553.459106
104	-16.461941	0.182515	452.830200
105	-14.067682	0.216802	452.830200
106	-12.072567	0.214238	503.144653
107	-11.845367	0.233006	452.830200
108	-11.093627	0.248361	452.830200
109	-9.901483	0.261846	553.459106
110	-10.082092	0.249430	452.830200
111	-12.664906	0.207693	553.459106
112	-16.332977	0.159586	301.886780
113	-17.757103	0.101302	301.886780
114	-19.733231	0.060015	553.459106
115	-23.005024	0.054418	503.144653
116	-22.475592	0.064073	503.144653
117	-24.331858	0.048687	503.144653
118	-22.712154	0.053236	1459.119507
119	-26.862408	0.046716	503.144653
120	-21.083666	0.064926	603.773560
121	-15.283276	0.086818	553.459106
122	-14.594799	0.112705	352.201263
123	-15.439840	0.112815	301.886780
124	-18.894798	0.089726	301.886780
125	-20.525099	0.069374	301.886780
126	-19.264942	0.076973	352.201263
127	-19.235197	0.084404	402.515717
128	-21.145201	0.073746	603.773560
129	-22.053141	0.068926	553.459106
130	-17.950779	0.097215	553.459106
131	-18.272856	0.109471	603.773560
132	-18.567329	0.109508	805.031433
133	-18.565914	0.119838	805.031433
134	-18.067778	0.133834	704.402527
135	-17.200272	0.129255	704.402527
136	-16.412401	0.122019	704.402527
137	-14.182605	0.147264	654.088074
138	-13.308523	0.141624	654.088074
139	-11.769139	0.142840	654.088074
140	-12.100439	0.137840	503.144653
141	-13.926401	0.120614	402.515717
142	-16.041481	0.107019	553.459106
143	-18.922661	0.078561	503.144653
144	-22.356951	0.052549	654.088074
145	-26.177774	0.042332	1106.918213
146	-26.457941	0.056594	805.031433
147	-23.988729	0.049441	603.773560
148	-18.829441	0.070893	452.830200
149	-17.196852	0.089792	553.459106
150	-17.508308	0.123207	553.459106
151	-14.787088	0.128626	452.830200
152	-14.648436	0.131853	452.830200
153	-18.075712	0.115121	553.459106
154	-17.996073	0.082302	553.459106
155	-19.171988	0.092083	704.402527
156	-19.432333	0.074690	503.144653
157	-21.520510	0.076211	704.402527
158	-22.412872	0.054534	654.088074
159	-26.008848	0.050516	704.402527
160	-24.453129	0.043799	654.088074
161	-26.576065	0.042070	654.088074
162	-27.530458	0.032083	452.830200
163	-25.812048	0.034950	503.144653
164	-30.938005	0.020660	654.088074
165	-26.445919	0.030006	452.830200
166	-36.083420	0.011739	503.144653
167	-35.791069	0.014115	352.201263
168	-39.137318	0.009850	402.515717
169	-37.182327	0.009446	654.088074
170	-39.066933	0.010055	503.144653
171	-37.806351	0.009980	503.144653
172	-37.709026	0.009214	553.459106
173	-43.559944	0.005759	452.830200
174	-41.820450	0.006800	201.257858
175	-42.481380	0.004819	452.830200
176	-40.425266	0.008856	150.943390
177	-45.859207	0.004684	805.031433
178	-43.273277	0.006661	150.943390
179	-49.569099	0.003601	402.515717
180	-41.341927	0.005630	100.628929
181	-53.931881	0.002217	452.830200
182	-47.123474	0.003805	603.773560
183	-49.506351	0.003156	503.144653
184	-49.147346	0.002686	553.459106
185	-51.876308	0.002622	352.201263
186	-51.452595	0.001869	905.660400
187	-55.491894	0.001619	503.144653
188	-55.694550	0.001461	1056.603760
189	-59.984268	0.001223	1660.377319
190	-49.184341	0.003547	603.773560
191	-38.360966	0.015519	503.144653
192	-25.509830	0.036779	704.402527
193	-19.198021	0.092076	452.830200
194	-17.148834	0.113288	201.257858
195	-15.852968	0.105070	201.257858
196	-22.841433	0.048966	754.716980
197	-19.233068	0.083489	301.886780
198	-15.759156	0.102720	452.830200
199	-14.689473	0.131665	603.773560
200	-15.583008	0.146495	654.088074
201	-18.788528	0.130102	654.088074
202	-19.611341	0.129532	754.716980
203	-19.235426	0.107256	654.088074
204	-14.922692	0.144126	654.088074
205	-16.916018	0.103197	754.716980
206	-18.106831	0.096545	654.088074
207	-18.793371	0.094903	553.459106
208	-23.122013	0.088647	201.257858
209	-18.587305	0.075296	603.773560
210	-21.951902	0.057519	402.515717
211	-23.453505	0.075517	251.572327
212	-21.127436	0.056081	402.515717
213	-22.858347	0.058228	251.572327
214	-25.117790	0.055231	100.628929
215	-25.922667	0.035266	301.886780
216	-27.825478	0.036158	603.773560
217	-29.802891	0.036777	251.572327
218	-29.256670	0.024225	301.886780
219	-29.878399	0.029566	201.257858
220	-22.154060	0.071427	352.201263
221	-22.750956	0.089872	603.773560
222	-19.185728	0.087745	603.773560
223	-14.159419	0.140042	503.144653
224	-16.655775	0.110995	402.515717
225	-20.002272	0.082767	553.459106
226	-18.160223	0.089244	301.886780
227	-23.657207	0.067660	553.459106
228	-21.980652	0.087691	352.201263
229	-19.518593	0.093939	352.201263
230	-19.989744	0.083040	603.773560
231	-17.162872	0.115131	452.830200
232	-17.446516	0.097273	452.830200
233	-16.226530	0.110201	352.201263
234	-15.079988	0.114988	452.830200
235	-15.199152	0.114124	402.515717
236	-16.949982	0.092215	402.515717
237	-18.627821	0.076075	150.943390
238	-20.990416	0.055028	201.257858
239	-26.483437	0.038897	352.201263
240	-26.586710	0.035578	301.886780
241	-20.119961	0.103147	201.257858
242	-21.353424	0.092939	201.257858
243	-21.972265	0.106756	201.257858
244	-21.546535	0.104171	251.572327
245	-19.772390	0.144108	201.257858
246	-17.819080	0.147442	503.144653
247	-18.166870	0.148942	503.144653
248	-18.407816	0.121707	704.402527
249	-17.961758	0.120473	805.031433
250	-18.276836	0.116884	754.716980
251	-17.582062	0.116558	955.974854
252	-19.437178	0.107635	754.716980
253	-22.850204	0.068259	503.144653
254	-21.582306	0.064965	503.144653
255	-18.774588	0.078681	654.088074
256	-24.930763	0.056004	352.201263
257	-26.527632	0.048336	452.830200
258	-20.738831	0.075228	100.628929
259	-26.650379	0.040803	301.886780
260	-25.272543	0.055811	150.943390
261	-25.858643	0.033212	503.144653
262	-30.284369	0.029632	301.886780
263	-25.872829	0.046428	452.830200
264	-27.628340	0.045805	301.886780
265	-22.472113	0.076537	553.459106
266	-21.090693	0.072636	905.660400
267	-20.143652	0.082669	603.773560
268	-18.887192	0.094138	805.031433
269	-17.370163	0.086958	553.459106
270	-18.792927	0.082307	905.660400
271	-19.734276	0.081907	553.459106
272	-24.569838	0.064222	452.830200
273	-18.471018	0.080656	201.257858
274	-18.299976	0.100414	301.886780
275	-20.242329	0.088635	50.314465
276	-20.244858	0.084553	402.515717
277	-19.821014	0.096410	50.314465
278	-17.834524	0.087448	201.257858
279	-26.170431	0.055247	352.201263
280	-25.929970	0.038194	603.773560
281	-25.532841	0.045910	603.773560
282	-24.523417	0.038503	452.830200
283	-28.423962	0.041651	553.459106
284	-28.360741	0.031311	150.943390
285	-25.984406	0.049684	100.628929
286	-23.691113	0.039555	603.773560
287	-29.356691	0.039017	50.314465
288	-27.846218	0.028563	301.886780
289	-31.152285	0.033123	50.314465
290	-34.626324	0.012860	301.886780
291	-33.962311	0.017944	704.402527
292	-40.947514	0.010157	402.515717
293	-38.516708	0.006734	805.031433
294	-38.297276	0.008736	301.886780
295	-43.647839	0.005404	301.886780
296	-41.899559	0.007801	50.314465
297	-39.868572	0.007490	100.628929
298	-48.269257	0.004716	503.144653
299	-44.127907	0.005209	251.572327
300	-44.865704	0.004507	201.257858
301	-45.768700	0.005037	150.943390
302	-49.924747	0.002634	402.515717
303	-54.439854	0.001593	603.773560
304	-57.262188	0.000893	1006.289307
305	-59.816399	0.000917	1106.918213
306	-58.533745	0.000871	1056.603760
307	-60.306973	0.000831	1056.603760
308	-56.607883	0.001156	805.031433
309	-63.330780	0.000879	1610.062866
310	-56.542179	0.000910	1157.232666
311	-58.888786	0.000889	553.459106
312	-53.244678	0.001742	352.201263
313	-54.539291	0.001634	503.144653
314	-56.041374	0.001858	50.314465
315	-55.497662	0.001380	452.830200
316	-51.938068	0.001578	301.886780
317	-63.071476	0.000550	2012.578613
318	-53.879932	0.002005	301.886780
319	-55.443275	0.001502	503.144653
320	-64.256081	0.000422	2616.352295
321	-60.828793	0.000818	1157.232666
322	-61.021130	0.000709	1459.119507
323	-54.082493	0.001936	352.201263
324	-61.794327	0.000687	1308.176147
325	-64.944862	0.000413	2515.723389
326	-58.936901	0.001072	452.830200
327	-62.114223	0.000810	1056.603760
328	-63.348354	0.000701	1106.918213
329	-62.760796	0.000588	905.660400
330	-62.250145	0.000502	1610.062866
331	-63.939724	0.000673	1006.289307
332	-54.605274	0.001187	704.402527
333	-56.707558	0.001456	855.345886
334	-64.394447	0.000749	2314.465332
335	-58.152874	0.001042	754.716980
336	-63.493923	0.000687	704.402527
337	-60.265587	0.000673	1106.918213
338	-66.016586	0.000554	2213.836426
339	-62.470314	0.000487	1911.949707
340	-59.814007	0.000931	1106.918213
341	-58.119160	0.000877	603.773560
342	-58.455750	0.000778	1308.176147
343	-61.925007	0.000619	1106.918213
344	-57.047001	0.001009	603.773560
345	-65.354881	0.000667	2264.150879
346	-62.958176	0.000588	1459.119507
347	-60.565105	0.000904	704.402527
348	-57.780365	0.000806	1106.918213
349	-65.579750	0.000387	2616.352295
350	-59.678360	0.000785	2062.893066
351	-59.053867	0.000855	2314.465332
352	-59.738544	0.000858	2163.521973
353	-57.307823	0.000989	1710.691772
354	-59.054562	0.000798	2062.893066
355	-60.394344	0.000860	1660.377319
356	-62.927841	0.000632	1962.264160
357	-56.133114	0.000956	1559.748413
358	-59.591759	0.000651	1660.377319
359	-61.345692	0.000682	1308.176147
360	-64.472168	0.000492	2465.408691
361	-62.567616	0.000565	2364.779785
362	-60.878223	0.000716	1610.062866
363	-56.783218	0.000990	1056.603760
364	-60.991337	0.000805	1509.433960
365	-59.585033	0.000760	1157.232666
366	-55.414051	0.001232	251.572327
367	-56.513210	0.001113	905.660400
368	-61.227810	0.000685	1157.232666
369	-59.339600	0.000783	1509.433960
370	-62.950043	0.000608	1056.603760
371	-58.375183	0.001321	452.830200
372	-65.352715	0.000613	1408.805054
373	-61.142281	0.000688	855.345886
374	-62.663273	0.000647	1610.062866
375	-65.309006	0.000440	2062.893066
376	-67.507759	0.000352	3270.440186
377	-64.373161	0.000471	2113.207520
378	-62.618248	0.000480	2213.836426
379	-62.534073	0.000612	1408.805054
380	-60.936726	0.000685	1056.603760
381	-30.879120	0.019047	955.974854
382	-20.674709	0.078782	503.144653
383	-17.461912	0.106967	150.943390
384	-17.298468	0.114062	301.886780
385	-21.929523	0.084612	905.660400
386	-21.263496	0.102234	603.773560
387	-21.436249	0.102708	754.716980
388	-20.625450	0.087991	704.402527
389	-19.478441	0.099658	805.031433
390	-16.360788	0.116999	603.773560
391	-14.443348	0.123988	654.088074
392	-12.258737	0.139848	603.773560
393	-14.089746	0.113416	603.773560
394	-15.547657	0.083093	704.402527
395	-20.753881	0.054813	654.088074
396	-23.519842	0.050895	553.459106
397	-25.746445	0.049641	503.144653
398	-24.617525	0.047684	452.830200
399	-24.712593	0.058374	503.144653
400	-23.924564	0.067232	402.515717
401	-20.602005	0.072301	503.144653
402	-16.631800	0.080489	352.201263
403	-16.940538	0.084265	301.886780
404	-14.303265	0.106960	352.201263
405	-15.044217	0.114804	352.201263
406	-14.887601	0.133218	301.886780
407	-15.183754	0.149757	301.886780
408	-16.733747	0.169324	452.830200
409	-16.773396	0.161709	603.773560
410	-12.804256	0.176737	402.515717
411	-11.591327	0.236250	402.515717
412	-11.684180	0.233152	352.201263
413	-9.849468	0.288530	100.628929
414	-9.398062	0.250977	251.572327
415	-10.354909	0.271847	100.628929
416	-11.304180	0.257318	201.257858
417	-12.750436	0.186628	150.943390
418	-13.978606	0.186065	201.257858
419	-16.425726	0.130785	150.943390
420	-16.407251	0.135683	201.257858
421	-17.163637	0.110651	201.257858
422	-19.605040	0.083278	553.459106
423	-20.928368	0.081245	100.628929
424	-21.484867	0.069041	553.459106
425	-16.509703	0.129018	301.886780
426	-14.464186	0.155264	352.201263
427	-13.034631	0.196283	201.257858
428	-13.903232	0.172535	201.257858
429	-18.430094	0.101147	452.830200
430	-19.347218	0.090939	754.716980
431	-17.777937	0.134295	301.886780
432	-16.994143	0.138591	301.886780
433	-19.403599	0.086055	251.572327
434	-21.857725	0.062296	603.773560
435	-20.256306	0.075024	452.830200
436	-16.618254	0.109597	100.628929
437	-17.100334	0.082650	402.515717
438	-19.132862	0.066957	352.201263
439	-15.633649	0.086116	301.886780
440	-14.640825	0.097664	251.572327
441	-17.287916	0.082848	201.257858
442	-18.934509	0.060372	352.201263
443	-18.597021	0.076299	352.201263
444	-19.108650	0.072774	654.088074
445	-20.838888	0.071059	603.773560
446	-17.046415	0.118596	201.257858
447	-14.787812	0.160241	352.201263
448	-15.695341	0.163697	301.886780
449	-13.615302	0.199309	352.201263
450	-10.648322	0.217109	452.830200
451	-10.037631	0.288558	352.201263
452	-9.225950	0.274468	452.830200
453	-8.374897	0.360050	352.201263
454	-7.443820	0.344282	402.515717
455	-7.908700	0.362271	402.515717
456	-7.966004	0.380790	301.886780
457	-7.497514	0.329266	402.515717
458	-7.342034	0.378730	402.515717
459	-7.361124	0.387818	352.201263
460	-7.776282	0.394694	201.257858
461	-7.949065	0.328541	201.257858
462	-10.085721	0.259370	251.572327
463	-12.359124	0.215710	201.257858
464	-15.432073	0.135380	553.459106
465	-16.833300	0.139607	201.257858
466	-15.382223	0.141635	251.572327
467	-14.233092	0.156889	201.257858
468	-14.925969	0.150638	402.515717
469	-16.197447	0.115591	704.402527
470	-17.748743	0.121878	452.830200
471	-16.770870	0.154248	503.144653
472	-16.121037	0.165721	503.144653
473	-17.382547	0.139876	503.144653
474	-20.317875	0.095156	704.402527
475	-19.409801	0.085993	805.031433
476	-16.843555	0.131495	402.515717
477	-17.200455	0.103206	553.459106
478	-18.557295	0.087641	603.773560
479	-18.327976	0.083358	402.515717
480	-24.598959	0.049558	654.088074
481	-19.848829	0.084357	251.572327
482	-21.764845	0.069205	251.572327
483	-23.830637	0.054611	452.830200
484	-20.782938	0.087037	251.572327
485	-18.898813	0.090814	251.572327
486	-16.072899	0.097751	553.459106
487	-16.807415	0.118376	503.144653
488	-18.737257	0.129391	603.773560
489	-19.104628	0.092986	805.031433
490	-14.910253	0.132982	805.031433
491	-15.683423	0.141911	855.345886
492	-15.626670	0.115949	603.773560
493	-15.215981	0.129279	754.716980
494	-20.496515	0.105385	352.201263
495	-17.505198	0.105198	402.515717
496	-18.552219	0.087054	201.257858
497	-23.593031	0.090126	150.943390
498	-19.612862	0.074873	301.886780
499	-23.707794	0.058019	301.886780
500	-25.021404	0.058968	150.943390
501	-23.748091	0.043883	301.886780
502	-29.681311	0.024727	402.515717
503	-26.913765	0.043701	150.943390
504	-26.236652	0.037020	402.515717
505	-28.791149	0.028901	301.886780
506	-23.525295	0.048664	201.257858
507	-33.859364	0.029185	452.830200
508	-25.915239	0.045105	301.886780
509	-22.818903	0.054077	201.257858
510	-23.828011	0.058514	150.943390
511	-23.450619	0.049718	100.628929
512	-28.624353	0.049331	50.314465
513	-26.933197	0.028911	301.886780
514	-29.653376	0.031250	50.314465
515	-35.751865	0.013437	452.830200
516	-37.795902	0.009266	503.144653
517	-39.836437	0.011606	50.314465
518	-34.239697	0.012500	100.628929
519	-46.372936	0.006230	201.257858
520	-37.397724	0.013066	100.628929
521	-38.737419	0.008646	50.314465
522	-43.494450	0.005706	50.314465
523	-45.676682	0.005025	301.886780
524	-41.663315	0.005147	201.257858
525	-49.700775	0.002785	503.144653
526	-48.677505	0.002979	452.830200
527	-56.528038	0.001656	402.515717
528	-46.277988	0.004485	150.943390
529	-49.913750	0.002579	301.886780
530	-50.952503	0.002159	352.201263
531	-45.934448	0.003754	100.628929
532	-48.737823	0.002998	251.572327
533	-48.946957	0.003167	201.257858
534	-49.736843	0.003021	402.515717
535	-53.327538	0.001840	452.830200
536	-55.641724	0.001386	352.201263
537	-57.506439	0.000916	805.031433
538	-57.717430	0.001081	754.716980
539	-59.642231	0.000851	603.773560
540	-58.135513	0.001161	754.716980
541	-61.117142	0.000686	1408.805054
542	-56.077957	0.001552	150.943390
543	-63.860874	0.000683	1509.433960
544	-59.304077	0.000959	1106.918213
545	-61.245316	0.000691	1308.176147
546	-58.719421	0.000784	1308.176147
547	-60.364166	0.000732	805.031433
548	-62.130817	0.000650	1257.861694
549	-59.796486	0.001061	452.830200
550	-63.334347	0.000614	1459.119507
551	-60.738598	0.000788	905.660400
552	-60.056572	0.000844	1106.918213
553	-63.576580	0.000799	1610.062866
554	-62.216381	0.000638	1509.433960
555	-64.310188	0.000494	2163.521973
556	-64.237579	0.000526	2213.836426
557	-56.904819	0.000988	754.716980
558	-65.233711	0.000574	1911.949707
559	-64.388947	0.000618	1610.062866
560	-61.339390	0.000692	1559.748413
561	-59.804089	0.000869	1610.062866
562	-58.657822	0.000904	955.974854
563	-55.146786	0.001291	1157.232666
564	-59.768955	0.001028	805.031433
565	-52.628273	0.001478	503.144653
566	-55.301147	0.001452	402.515717
567	-61.285343	0.000787	1509.433960
568	-61.941597	0.000792	1106.918213
569	-54.745964	0.001496	805.031433
570	-53.382355	0.001861	50.314465
571	-57.554302	0.001695	603.773560
572	-62.377769	0.000806	1459.119507
573	-63.965706	0.000500	2364.779785
574	-58.874584	0.000826	1056.603760
575	-62.173553	0.000904	1358.490601
576	-60.219101	0.001131	553.459106
577	-61.538067	0.000900	754.716980
578	-64.692177	0.000512	1911.949707
579	-60.913559	0.000660	1308.176147
580	-64.981956	0.000680	1106.918213
581	-65.872444	0.000445	2566.037842
582	-58.416405	0.001034	704.402527
583	-62.629692	0.000705	1408.805054
584	-60.305195	0.000961	1157.232666
585	-59.921070	0.000723	1006.289307
586	-56.538769	0.001255	1358.490601
587	-62.688934	0.000646	1811.320801
588	-58.264580	0.000877	805.031433
589	-63.638065	0.000688	1660.377319
590	-56.795147	0.001152	1308.176147
591	-36.456688	0.010180	3169.811279
592	-35.841301	0.013397	1106.918213
593	-34.091301	0.023910	654.088074
594	-25.289297	0.048860	402.515717
595	-22.046120	0.086790	251.572327
596	-19.862286	0.100658	402.515717
597	-18.732605	0.100890	452.830200
598	-18.890291	0.091691	402.515717
599	-22.196650	0.067027	301.886780
600	-23.524220	0.066678	201.257858
601	-24.428133	0.053889	402.515717
602	-28.255106	0.041281	201.257858
603	-29.269352	0.041818	201.257858
604	-28.385422	0.044653	301.886780
605	-29.036417	0.039126	301.886780
606	-29.256462	0.037992	503.144653
607	-22.733049	0.085016	201.257858
608	-20.622278	0.103086	301.886780
609	-22.938868	0.094439	301.886780
610	-24.574329	0.078130	805.031433
611	-23.204952	0.074889	805.031433
612	-22.396473	0.085217	704.402527
613	-22.099659	0.089554	1056.603760
614	-21.893709	0.084852	1106.918213
615	-20.117386	0.083134	1056.603760
616	-18.829220	0.086743	503.144653
617	-20.259699	0.071166	452.830200
618	-22.394123	0.041564	955.974854
619	-27.127611	0.038979	754.716980
620	-28.565792	0.035868	905.660400
621	-27.328299	0.041162	2415.094238
622	-26.546104	0.042909	2163.521973
623	-27.386099	0.040666	2666.666748
624	-24.108034	0.042435	2716.981201
625	-26.113920	0.045493	2767.295654
626	-24.558306	0.051447	2213.836426
627	-27.522188	0.038577	2314.465332
628	-30.268845	0.022091	2515.723389
629	-32.482224	0.016770	2163.521973
630	-32.498047	0.023693	1710.691772
631	-16.199224	0.111421	603.773560
632	-14.268126	0.162460	452.830200
633	-13.141549	0.194303	503.144653
634	-12.593806	0.207963	603.773560
635	-13.324829	0.216088	452.830200
636	-12.617734	0.207040	503.144653
637	-11.185689	0.213328	503.144653
638	-10.099923	0.266654	452.830200
639	-10.345074	0.302503	553.459106
640	-9.199574	0.306675	503.144653
641	-7.949147	0.289664	553.459106
642	-13.069118	0.241877	553.459106
643	-11.391026	0.185635	754.716980
644	-16.291014	0.149009	754.716980
645	-17.317518	0.112130	603.773560
646	-22.297327	0.065518	654.088074
647	-21.249334	0.072292	352.201263
648	-20.044811	0.077487	452.830200
649	-24.223600	0.053205	352.201263
650	-24.548893	0.051597	603.773560
651	-25.709448	0.042453	452.830200
652	-28.095903	0.030555	503.144653
653	-28.471010	0.034507	352.201263
654	-29.848900	0.025704	603.773560
655	-28.727947	0.027222	352.201263
656	-29.848240	0.025170	301.886780
657	-29.599928	0.025771	553.459106
658	-31.782621	0.020745	201.257858
659	-32.804623	0.022070	301.886780
660	-32.778713	0.019984	251.572327
661	-33.221024	0.021339	201.257858
662	-35.161682	0.016172	251.572327
663	-35.451305	0.015876	100.628929
664	-35.167278	0.014477	150.943390
665	-38.011272	0.011545	150.943390
666	-36.550217	0.013945	100.628929
667	-37.162811	0.010952	251.572327
668	-38.822731	0.011685	100.628929
669	-34.491806	0.014829	301.886780
670	-36.900509	0.011631	301.886780
671	-21.683329	0.098258	402.515717
672	-19.938116	0.112883	352.201263
673	-17.407909	0.115792	352.201263
674	-15.784236	0.125311	402.515717
675	-15.590329	0.108679	352.201263
676	-19.489029	0.066897	503.144653
677	-25.522478	0.051021	301.886780
678	-26.755190	0.049669	301.886780
679	-24.700386	0.047063	352.201263
680	-28.045349	0.038626	301.886780
681	-27.132183	0.038313	1006.289307
682	-30.003048	0.028409	1459.119507
683	-31.353951	0.019194	2113.207520
684	-34.042049	0.018838	1610.062866
685	-32.828945	0.020535	1408.805054
686	-34.842327	0.016308	1811.320801
687	-32.073601	0.021923	553.459106
688	-23.556990	0.038021	704.402527
689	-18.532003	0.086631	452.830200
690	-17.061855	0.102593	805.031433
691	-17.238848	0.108160	603.773560
692	-17.249113	0.116593	402.515717
693	-18.275709	0.124181	503.144653
694	-19.738684	0.137016	603.773560
695	-18.850519	0.129706	855.345886
696	-16.235868	0.146527	402.515717
697	-14.755713	0.149556	503.144653
698	-15.334368	0.140295	503.144653
699	-17.406111	0.107439	301.886780
700	-20.565310	0.078474	301.886780
701	-24.261175	0.051177	402.515717
702	-24.397608	0.053844	654.088074
703	-24.436222	0.049772	1257.861694
704	-26.174097	0.042942	704.402527
705	-28.011457	0.036223	503.144653
706	-30.171896	0.025732	805.031433
707	-31.868372	0.019358	553.459106
708	-34.410927	0.017960	704.402527
709	-35.661442	0.013627	905.660400
710	-39.107086	0.008827	1157.232666
711	-41.434948	0.007355	1006.289307
712	-37.374199	0.008781	1257.861694
713	-40.612919	0.008376	855.345886
714	-24.525196	0.059166	503.144653
715	-24.559662	0.066731	503.144653
716	-24.580328	0.067451	352.201263
717	-24.945034	0.077540	553.459106
718	-22.498148	0.106483	603.773560
719	-16.939461	0.134617	553.459106
720	-13.899848	0.139692	553.459106
721	-12.649841	0.132678	503.144653
722	-14.597833	0.135517	201.257858
723	-18.005318	0.106720	352.201263
724	-22.279110	0.070693	301.886780
725	-27.431110	0.033351	1106.918213
726	-27.231867	0.040342	704.402527
727	-27.395647	0.034675	553.459106
728	-26.504381	0.039255	301.886780
729	-26.181042	0.042388	201.257858
730	-27.515116	0.029610	452.830200
731	-29.905817	0.020622	603.773560
732	-35.998775	0.012865	251.572327
733	-34.431793	0.013328	201.257858
734	-34.662670	0.012131	251.572327
735	-36.978626	0.012153	100.628929
736	-35.182297	0.015044	553.459106
737	-38.058708	0.009777	905.660400
738	-35.208237	0.020522	402.515717
739	-27.693453	0.040774	503.144653
740	-29.418474	0.041514	251.572327
741	-28.031778	0.037600	251.572327
742	-26.491941	0.066103	352.201263
743	-16.543726	0.113090	553.459106
744	-28.963545	0.039515	402.515717
745	-22.296474	0.070643	301.886780
746	-20.921724	0.080382	553.459106
747	-19.216106	0.086060	553.459106
748	-18.505203	0.082822	503.144653
749	-19.524590	0.076510	452.830200
750	-22.352028	0.054777	402.515717
751	-24.090441	0.048969	352.201263
752	-25.399101	0.045209	503.144653
753	-28.995920	0.037008	553.459106
754	-28.636122	0.030585	553.459106
755	-29.792372	0.027306	553.459106
756	-30.209568	0.019782	452.830200
757	-29.368809	0.022794	301.886780
758	-31.744864	0.020365	301.886780
759	-30.309334	0.021606	201.257858
760	-29.094759	0.028147	201.257858
761	-30.913065	0.027055	100.628929
762	-35.643375	0.014786	251.572327
763	-42.656403	0.006820	251.572327
764	-41.863068	0.007013	301.886780
765	-44.597980	0.005877	352.201263
766	-39.692295	0.008170	150.943390
767	-42.141121	0.006958	402.515717
768	-49.228420	0.003759	301.886780
769	-44.813576	0.005044	100.628929
770	-43.656158	0.005010	402.515717
771	-50.142742	0.001940	704.402527
772	-47.231602	0.002807	452.830200
773	-54.620422	0.001971	603.773560
774	-54.501144	0.002046	704.402527
775	-48.152626	0.003338	100.628929
776	-58.198429	0.001341	503.144653
777	-55.698570	0.001333	1006.289307
778	-59.512119	0.001091	503.144653
779	-56.829006	0.001171	1358.490601
780	-54.393337	0.002220	251.572327
781	-56.202301	0.001514	553.459106
782	-57.894161	0.001050	503.144653
783	-62.457623	0.001045	1056.603760
784	-53.840130	0.001687	201.257858
785	-56.668694	0.001291	553.459106
786	-57.694534	0.001323	654.088074
787	-58.451622	0.001281	251.572327
788	-59.249241	0.001194	603.773560
789	-63.972870	0.000536	1559.748413
790	-60.719852	0.000761	1257.861694
791	-67.495842	0.000465	1911.949707
792	-63.614986	0.000476	1811.320801
793	-59.316055	0.000791	1308.176147
794	-65.744232	0.000573	1358.490601
795	-61.638157	0.000800	352.201263
796	-58.066357	0.000846	654.088074
